
Fig.4:  local spin-z moment and hole density distributions for 4x16, 6x16, and 8x16.
                                

(1)  4x16 U=8, Ne=56 (hole doping 1/8), data for DMRG m=12000 and PEPS  D=20.

DMRG spin correlations, using the first site (i=1,j=1) as the reference:
(i,j)  1         2         3         4         5         6         7         8         9         10        11        12        13        14        15        16    
1   0.27265  -0.19397   0.09572  -0.06063  -0.02197   0.04533  -0.06154   0.06262  -0.06078   0.05152  -0.03308   0.01060   0.03402  -0.04361   0.04709  -0.05194
2  -0.19499   0.11516  -0.09981   0.04547   0.02324  -0.04993   0.06109  -0.06545   0.06081  -0.05232   0.03128  -0.00605  -0.03381   0.04301  -0.04874   0.04927
3   0.10920  -0.10809   0.07013  -0.05010  -0.03423   0.05385  -0.06672   0.06748  -0.06404   0.05225  -0.03254  -0.00569   0.03281  -0.04294   0.04820  -0.04918
4  -0.09872   0.0828   -0.0724    0.02099   0.02706  -0.06619   0.06681  -0.07182   0.06309  -0.05534   0.03255  -0.01556  -0.03417   0.04198  -0.04677   0.05079

DMRG hole density distribution on each site:
(i,j)  1         2         3         4         5         6         7         8         9         10        11        12        13        14        15        16    
1   0.04746   0.07997   0.12095   0.14474   0.14495   0.13880   0.11519   0.09832   0.09833   0.11518   0.13881   0.14495   0.14477   0.12098   0.08000   0.04748
2   0.05840   0.09797   0.14676   0.18238   0.18810   0.17587   0.14172   0.11830   0.11830   0.14172   0.17587   0.18810   0.18241   0.14680   0.09801   0.05843
3   0.05840   0.09797   0.14676   0.18239   0.18809   0.17587   0.14172   0.11830   0.11830   0.14172   0.17587   0.18810   0.18241   0.14680   0.09801   0.05843
4   0.04746   0.07997   0.12094   0.14477   0.14491   0.13882   0.11517   0.09833   0.09832   0.11518   0.13882   0.14494   0.14479   0.12097   0.08000   0.04748

**********************************************************************************************************************************************************************************************

fPEPS local Sz on each site:
(i,j)  1         2         3         4         5         6         7         8         9         10        11        12        13        14        15        16    
1   0.15163  -0.12881   0.09889  -0.05812  -0.00939   0.05613  -0.11765   0.14667  -0.14463   0.12635  -0.06579   0.02615   0.04386  -0.09147   0.12427  -0.15144
2  -0.14349   0.13960  -0.10052   0.05409   0.00819  -0.06412   0.12205  -0.15398   0.15324  -0.12725   0.06662  -0.01741  -0.04632   0.10239  -0.13806   0.14145
3   0.14572  -0.13876   0.10114  -0.04962  -0.01578   0.06301  -0.12629   0.15348  -0.15202   0.12069  -0.05751   0.00588   0.05546  -0.10680   0.14534  -0.14656
4  -0.15364   0.12636  -0.09351   0.04896   0.02175  -0.06459   0.12032  -0.14450   0.14529  -0.11761   0.05156  -0.00704  -0.06203   0.10353  -0.13081   0.15548


fPEPS hole density  on each site:
(i,j)  1         2         3         4         5         6         7         8         9         10        11        12        13        14        15        16    
1   0.04303   0.08207   0.12412   0.14901   0.15287   0.14000   0.11592   0.09184   0.08924   0.10984   0.14488   0.15205   0.15048   0.12927   0.08074   0.04327
2   0.05594   0.09413   0.14785   0.18887   0.19147   0.17678   0.13341   0.10923   0.10571   0.13672   0.17040   0.19362   0.19109   0.15021   0.09853   0.05239
3   0.05116   0.09922   0.15253   0.18792   0.19792   0.17425   0.13720   0.10468   0.11056   0.13631   0.17842   0.19509   0.18310   0.14697   0.09744   0.05478
4   0.04560   0.07733   0.12302   0.15810   0.15267   0.14447   0.10608   0.09239   0.09126   0.11469   0.14416   0.15250   0.15383   0.12169   0.07869   0.04095


--------------------------------------------------------------------------------------------------------------------------------------------------------------------------------------------------------------------
--------------------------------------------------------------------------------------------------------------------------------------------------------------------------------------------------------------------
--------------------------------------------------------------------------------------------------------------------------------------------------------------------------------------------------------------------

(2)  6x16 U=8, Ne=84 (hole doping 1/8), data for DMRG m=32000 and PEPS  D=20.

DMRG spin correlations, using the first site (row=1,column=1) as the reference:
(i,j)  1         2         3         4         5         6         7         8         9         10        11        12        13        14        15        16    
1   0.27229  -0.19947   0.10277  -0.07898   0.05262  -0.04102   0.03507  -0.03447   0.03348  -0.03426   0.03236  -0.03290   0.03072  -0.03023   0.02475  -0.02583
2  -0.19116   0.11573  -0.10075   0.05885  -0.04306   0.02665  -0.02499   0.02489  -0.02837   0.02725  -0.02780   0.02652  -0.02724   0.02447  -0.02298   0.02128
3   0.09640  -0.09992   0.05660  -0.04873  -0.01301   0.01372  -0.02039   0.01551   0.00960  -0.01522   0.01501  -0.01867   0.01538  -0.01795   0.01535  -0.01645
4  -0.06090   0.05323  -0.03876  -0.03477   0.03258  -0.04491   0.03878  -0.03954   0.02677  -0.02499   0.01633  -0.01719   0.01096  -0.01212   0.00448  -0.00624
5   0.02555  -0.02136  -0.03084   0.04079  -0.05588   0.05409  -0.05602   0.05084  -0.04297   0.03652  -0.03169   0.02608  -0.02426   0.01978  -0.01697   0.01536
6   0.02516  -0.02788   0.04287  -0.05589   0.05974  -0.06977   0.06058  -0.06261   0.04855  -0.04683   0.03712  -0.03385   0.02843  -0.02543   0.01996  -0.02048


DMRG hole density distribution on each site:
(i,j)  1         2         3         4         5         6         7         8         9         10        11        12        13        14        15        16    
1   0.04929   0.07034   0.10764   0.12023   0.12302   0.11515   0.08521   0.07330   0.07275   0.08328   0.11337   0.12141   0.11841   0.10680   0.06982   0.04983
2   0.06549   0.10325   0.14803   0.16785   0.16997   0.15694   0.12397   0.09930   0.09787   0.12291   0.15721   0.16938   0.16777   0.15049   0.10460   0.06330
3   0.08574   0.12775   0.17246   0.18988   0.19005   0.17996   0.15019   0.12663   0.12529   0.15055   0.17923   0.18965   0.19142   0.17636   0.13342   0.08338
4   0.08565   0.12768   0.17233   0.18983   0.19004   0.18004   0.15031   0.12636   0.12502   0.15082   0.17935   0.18965   0.19136   0.17619   0.13331   0.08335
5   0.06556   0.10317   0.14739   0.16782   0.17011   0.15704   0.12415   0.09948   0.09795   0.12336   0.15745   0.16947   0.16771   0.14976   0.10440   0.06344
6   0.04931   0.07048   0.10654   0.12041   0.12339   0.11491   0.08569   0.07372   0.07297   0.08410   0.11317   0.12167   0.11853   0.10584   0.06980   0.04985

**********************************************************************************************************************************************************************************************

fPEPS local Sz on each site:
(i,j)  1         2         3         4         5         6         7         8         9         10        11        12        13        14        15        16    
1   0.21919  -0.19089   0.14009  -0.06599  -0.02583   0.09176  -0.16393   0.19283  -0.19786   0.17306  -0.11068   0.03674   0.05142  -0.13513   0.19150  -0.22439
2  -0.20294   0.18866  -0.13457   0.06764   0.00731  -0.10278   0.16347  -0.19043   0.19846  -0.16781   0.10151  -0.02012  -0.05371   0.12979  -0.19695   0.20562
3   0.21387  -0.17830   0.14134  -0.06601  -0.02010   0.10005  -0.16230   0.19709  -0.19430   0.16939  -0.09521   0.01973   0.06725  -0.14350   0.18738  -0.21505
4  -0.21361   0.18723  -0.14088   0.05977   0.03303  -0.10213   0.16471  -0.19474   0.19582  -0.16821   0.09580  -0.03180  -0.06328   0.14016  -0.18024   0.21339
5   0.20813  -0.20298   0.13668  -0.05857  -0.02334   0.10688  -0.16677   0.19471  -0.19397   0.16741  -0.10527   0.02677   0.05739  -0.13826   0.19772  -0.20823
6  -0.23376   0.19212  -0.13467   0.05896   0.03285  -0.10203   0.17259  -0.19247   0.19039  -0.16147   0.10296  -0.03819  -0.05528   0.14003  -0.19086   0.22916

fPEPS hole density  on each site:
(i,j)  1         2         3         4         5         6         7         8         9         10        11        12        13        14        15        16    
1   0.05100   0.08311   0.10532   0.12085   0.12214   0.12214   0.10247   0.09025   0.08649   0.09762   0.11714   0.12186   0.12565   0.10809   0.07981   0.04975
2   0.06860   0.11627   0.14453   0.15962   0.16590   0.15896   0.13332   0.11960   0.11767   0.13139   0.15190   0.16546   0.17171   0.14951   0.12196   0.06614
3   0.07978   0.12486   0.15756   0.17553   0.17659   0.16518   0.13805   0.11996   0.11698   0.13856   0.16490   0.17957   0.17387   0.15700   0.12575   0.07981
4   0.07933   0.12173   0.15548   0.17464   0.18188   0.16783   0.13876   0.11790   0.12173   0.13609   0.16585   0.17575   0.17977   0.15123   0.12626   0.08146
5   0.06754   0.11508   0.14773   0.17278   0.16635   0.15446   0.13032   0.11119   0.11424   0.13149   0.15403   0.16503   0.16569   0.15385   0.11762   0.06901
6   0.04716   0.08034   0.10687   0.12397   0.12654   0.11645   0.09877   0.09091   0.09279   0.10037   0.11678   0.12232   0.12600   0.10743   0.08149   0.04950  


--------------------------------------------------------------------------------------------------------------------------------------------------------------------------------------------------------------------
--------------------------------------------------------------------------------------------------------------------------------------------------------------------------------------------------------------------
--------------------------------------------------------------------------------------------------------------------------------------------------------------------------------------------------------------------


(2)  8x16 U=8, Ne=112 (hole doping 1/8), data for DMRG m=32000 and PEPS  D=24.

DMRG spin correlations, using the first site (row=1,column=1) as the reference:
(i,j)  1         2         3         4         5         6         7         8         9         10        11        12        13        14        15        16    
1   0.27311  -0.19576   0.11774  -0.10091   0.08744  -0.08277   0.07667  -0.07372   0.06823  -0.06570   0.06062  -0.05761   0.05323  -0.04989   0.04443  -0.04415
2  -0.19613   0.11716  -0.11195   0.08666  -0.08124   0.07475  -0.07145   0.06674  -0.06368   0.05948  -0.05660   0.05230  -0.04900   0.04442  -0.04329   0.03948
3   0.09699  -0.10186   0.06943  -0.07164   0.06193  -0.06092   0.05623  -0.05445   0.05010  -0.04887   0.04460  -0.04313   0.03762  -0.03639   0.03409  -0.03374
4  -0.05988   0.04537  -0.05203   0.02615  -0.03665   0.03222  -0.03409   0.03012  -0.03053   0.02706  -0.02794   0.02263  -0.02426   0.01894  -0.02044   0.02026
5  -0.03008   0.03111  -0.04186   0.03595  -0.04427   0.03575  -0.03525   0.03033  -0.03038   0.02665  -0.02760   0.02243  -0.02419   0.01903  -0.02055   0.02047
6   0.05892  -0.06127   0.06249  -0.06791   0.06379  -0.06402   0.05724  -0.05502   0.05016  -0.04885   0.04444  -0.04286   0.03760  -0.03639   0.03411  -0.03376
7  -0.07030   0.07572  -0.07813   0.07941  -0.08139   0.07584  -0.07313   0.06736  -0.06420   0.05951  -0.05677   0.05214  -0.04891   0.04461  -0.04353   0.03961
8   0.07737  -0.07864   0.08367  -0.08734   0.08550  -0.08373   0.07791  -0.07450   0.06881  -0.06561   0.06082  -0.05738   0.05322  -0.04957   0.04513  -0.04396


DMRG hole density distribution on each site:
(i,j)  1         2         3         4         5         6         7         8         9         10        11        12        13        14        15        16    
1   0.04392   0.05080   0.05845   0.05526   0.05087   0.04812   0.04599   0.04608   0.04613   0.04593   0.04816   0.05078   0.05536   0.05844   0.05091   0.04400
2   0.08043   0.10149   0.10960   0.10866   0.10360   0.09990   0.09983   0.09955   0.09958   0.09979   0.09992   0.10355   0.10871   0.10965   0.10161   0.08054
3   0.12958   0.15849   0.16971   0.16574   0.16112   0.16117   0.16023   0.16113   0.16113   0.16023   0.16116   0.16110   0.16574   0.16976   0.15857   0.12967
4   0.15414   0.19480   0.19970   0.19677   0.19511   0.19460   0.19577   0.19559   0.19559   0.19577   0.19460   0.19510   0.19676   0.19973   0.19484   0.15420
5   0.15425   0.19493   0.19968   0.19690   0.19537   0.19462   0.19595   0.19574   0.19575   0.19595   0.19462   0.19536   0.19689   0.19968   0.19495   0.15432
6   0.12885   0.15871   0.16981   0.16625   0.16159   0.16149   0.16052   0.16152   0.16152   0.16052   0.16148   0.16159   0.16625   0.16981   0.15873   0.12892
7   0.07968   0.10226   0.11005   0.10924   0.10425   0.10047   0.10036   0.10013   0.10010   0.10039   0.10043   0.10426   0.10918   0.11008   0.10226   0.07974
8   0.04298   0.05147   0.05796   0.05562   0.05139   0.04855   0.04632   0.04645   0.04639   0.04637   0.04846   0.05142   0.05550   0.05803   0.05146   0.04303

**********************************************************************************************************************************************************************************************

fPEPS local Sz on each site (diagonal stripe pattern):
(i,j)  1         2         3         4         5         6         7         8         9         10        11        12        13        14        15        16    
1  -0.08859   0.06562  -0.04793   0.02659   0.02308  -0.01918   0.00592   0.02726  -0.07324   0.10142  -0.11776   0.11730  -0.14385   0.12063  -0.11287   0.08185
2   0.07738  -0.06597   0.05587  -0.00936   0.02006   0.03357  -0.03931   0.01113   0.03981  -0.09401   0.13353  -0.15647   0.11049  -0.09787   0.05562  -0.05246
3  -0.08167   0.06501  -0.04775   0.04566   0.03772  -0.06048   0.05480  -0.03112  -0.01436   0.07667  -0.12917   0.09458  -0.10124   0.04608  -0.00907  -0.06937
4   0.06342  -0.05661   0.04800   0.01772  -0.05282   0.07150  -0.06051   0.02719   0.02574  -0.09117   0.06079  -0.02772   0.02652   0.04459  -0.10904   0.10269
5  -0.04895   0.06097   0.01258  -0.04913   0.07593  -0.06118   0.04817   0.00142  -0.05395   0.04871  -0.00046  -0.01794   0.09614  -0.12329   0.10900  -0.11007
6   0.03846   0.01000  -0.04910   0.07001  -0.06239   0.04828  -0.01336  -0.03077   0.05551  -0.04552   0.03914   0.02985  -0.10408   0.11503  -0.11684   0.12694
7   0.03336  -0.04172   0.05147  -0.05452   0.05803  -0.04027  -0.02652   0.04254  -0.04530   0.06728  -0.05767   0.02847  -0.01113  -0.07288   0.10975  -0.13655
8  -0.04236   0.06253  -0.05767   0.05271  -0.04906   0.01528   0.01343  -0.02364   0.03882  -0.06172   0.05849  -0.05296   0.01967   0.03782  -0.11780   0.14817


fPEPS hole density  on each site (diagonal stripe pattern):
(i,j)  1         2         3         4         5         6         7         8         9         10        11        12        13        14        15        16    
1   0.06239   0.09358   0.12272   0.14669   0.13853   0.11783   0.08493   0.08054   0.09720   0.10294   0.10542   0.09614   0.08940   0.07430   0.05509   0.02496
2   0.08919   0.13045   0.15803   0.16398   0.16384   0.11925   0.11712   0.13392   0.13314   0.13563   0.12393   0.11733   0.11372   0.12364   0.10379   0.06530
3   0.10698   0.14541   0.16179   0.15619   0.14186   0.12598   0.12924   0.14626   0.14591   0.14420   0.11507   0.13080   0.13832   0.12343   0.13336   0.11982
4   0.11854   0.15796   0.16001   0.16356   0.12598   0.12535   0.12208   0.14307   0.15491   0.13931   0.14038   0.14116   0.12598   0.15576   0.13889   0.13073
5   0.11783   0.15009   0.16306   0.12499   0.12060   0.12499   0.13754   0.15746   0.17093   0.14243   0.14761   0.12797   0.13364   0.13591   0.14250   0.12166
6   0.11188   0.13577   0.13768   0.11542   0.12116   0.13123   0.15583   0.17235   0.15817   0.14598   0.12939   0.14413   0.13747   0.14491   0.13846   0.10578
7   0.05147   0.11188   0.11124   0.11110   0.11102   0.13251   0.17178   0.17065   0.15576   0.13690   0.13059   0.15101   0.16554   0.15619   0.13633   0.09507
8   0.02680   0.04715   0.06636   0.07884   0.09011   0.12194   0.13711   0.13201   0.11400   0.11046   0.11436   0.12754   0.14690   0.14038   0.09443   0.05452

**********************************************************************************************************************************************************************************************

fPEPS local Sz on each site (vertical stripe pattern):
(i,j)  1         2         3         4         5         6         7         8         9         10        11        12        13        14        15        16    
1   0.19213  -0.15689   0.11417  -0.04894  -0.04881   0.09800  -0.15677   0.16315  -0.16953   0.14732  -0.08221   0.00962   0.04685  -0.11587   0.14689  -0.19132
2  -0.17170   0.14702  -0.10868   0.06106   0.00804  -0.08655   0.13672  -0.16770   0.16664  -0.13085   0.09502  -0.01779  -0.04787   0.11000  -0.15532   0.17272
3   0.19323  -0.15630   0.12830  -0.04894  -0.00974   0.06604  -0.13460   0.17051  -0.16996   0.13409  -0.08566   0.03855   0.03668  -0.12843   0.15336  -0.18579
4  -0.18638   0.15851  -0.12987   0.08447  -0.01034  -0.07681   0.12643  -0.16013   0.17221  -0.14264   0.09549  -0.03030  -0.04647   0.11119  -0.15562   0.18804
5   0.19855  -0.16213   0.11783  -0.07919   0.00821   0.06600  -0.13298   0.16651  -0.17157   0.13532  -0.08851   0.02838   0.06213  -0.10655   0.15970  -0.18306
6  -0.18281   0.15230  -0.12217   0.05106   0.01464  -0.07396   0.13485  -0.16655   0.16826  -0.14702   0.07634  -0.02013  -0.04966   0.12621  -0.15196   0.18638
7   0.17302  -0.15179   0.11336  -0.05221  -0.01894   0.09511  -0.13094   0.15945  -0.17017   0.13753  -0.09047   0.01562   0.05694  -0.11647   0.15809  -0.17519
8  -0.18183   0.15991  -0.12068   0.03996   0.04540  -0.09936   0.15817  -0.17051   0.16685  -0.14234   0.09230  -0.02885  -0.04851   0.12094  -0.15996   0.19345


fPEPS hole density  on each site (vertical stripe pattern):
(i,j)  1         2         3         4         5         6         7         8         9         10        11        12        13        14        15        16    
1   0.05013   0.07277   0.09966   0.10979   0.10749   0.10306   0.09140   0.08528   0.09379   0.09702   0.10945   0.10911   0.11260   0.09694   0.07728   0.04783
2   0.06868   0.11532   0.14145   0.15515   0.16196   0.13770   0.13064   0.11923   0.11694   0.13047   0.14630   0.15183   0.15430   0.14238   0.11847   0.0714
3   0.08366   0.12911   0.15191   0.16238   0.17013   0.16800   0.14153   0.12400   0.12970   0.14221   0.15396   0.16204   0.16749   0.14962   0.12834   0.07881
4   0.08562   0.12502   0.14587   0.16145   0.17013   0.16502   0.14170   0.12638   0.12604   0.13957   0.15591   0.16681   0.17243   0.15872   0.12723   0.08638
5   0.08443   0.12460   0.14340   0.16111   0.16400   0.16230   0.14834   0.13149   0.12340   0.13413   0.15183   0.16996   0.17004   0.15251   0.12723   0.09055
6   0.08323   0.12281   0.15906   0.16085   0.16987   0.15132   0.14749   0.13021   0.12187   0.14119   0.16238   0.16434   0.15515   0.16000   0.12128   0.07915
7   0.05991   0.11140   0.13447   0.15770   0.15736   0.14511   0.12502   0.11362   0.12145   0.13396   0.14485   0.15566   0.15677   0.13745   0.12213   0.06409
8   0.04264   0.08034   0.09634   0.11515   0.11583   0.10528   0.09013   0.08519   0.08740   0.09643   0.10187   0.11268   0.11404   0.10281   0.07140   0.04902



**********************************************************************************************************************************************************************************************

fPEPS local Sz on each site (horizontal stripe pattern):
(i,j)  1         2         3         4         5         6         7         8         9         10        11        12        13        14        15        16    
1   0.18850  -0.17336   0.18592  -0.18722   0.18892  -0.18803   0.19697  -0.20036   0.19804  -0.18706   0.19380  -0.19969   0.18657  -0.18622   0.16985  -0.18506
2  -0.15375   0.15896  -0.14635   0.15989  -0.15556   0.15675  -0.16054   0.16571  -0.15989   0.15735  -0.15556   0.15775  -0.14831   0.15126  -0.16022   0.15689
3   0.10835  -0.10637   0.11667  -0.10414   0.11260  -0.11139   0.11279  -0.10604   0.11570  -0.11181   0.11200  -0.11542   0.10883  -0.11735   0.10555  -0.11251
4  -0.03991   0.03870  -0.03405   0.04647  -0.03459   0.04829  -0.03715   0.02887  -0.03587   0.03752  -0.03943   0.04517  -0.05694   0.03805  -0.03884   0.04315
5  -0.05820   0.03936  -0.04138   0.05675  -0.03366   0.04073  -0.03229   0.04396  -0.05029   0.04917  -0.04940   0.01896  -0.04005   0.03008  -0.03903   0.04885
6   0.12351  -0.10776   0.11693  -0.10967   0.11132  -0.10890   0.10774  -0.11760   0.12637  -0.12684   0.10774  -0.10637   0.10127  -0.11223   0.10514  -0.12421
7  -0.15447   0.15863  -0.15515   0.16019  -0.16212   0.15775  -0.16580   0.16259  -0.16847   0.16487  -0.16075   0.15922  -0.15463   0.14947  -0.15884   0.16110
8   0.19466  -0.18620   0.18987  -0.19766   0.19771  -0.19429   0.20383  -0.20069   0.19971  -0.20225   0.19452  -0.19015   0.18994  -0.19029   0.18059  -0.19573


fPEPS hole density  on each site (horizontal stripe pattern):
(i,j)  1         2         3         4         5         6         7         8         9         10        11        12        13        14        15        16    
1   0.04606   0.07066   0.07932   0.08118   0.08253   0.08188   0.08327   0.07722   0.07890   0.08560   0.08215   0.08304   0.08397   0.08364   0.07062   0.04745
2   0.07732   0.11891   0.13286   0.12923   0.12356   0.12528   0.12560   0.12244   0.12747   0.12184   0.12440   0.12319   0.13128   0.12165   0.11537   0.07755
3   0.10728   0.14668   0.15445   0.16073   0.15077   0.15319   0.15142   0.16063   0.15203   0.15254   0.14975   0.15305   0.15366   0.16184   0.13975   0.10295
4   0.11770   0.15780   0.16664   0.16868   0.16566   0.16208   0.16454   0.16315   0.16775   0.16231   0.16752   0.16208   0.16515   0.16785   0.16226   0.11179
5   0.11453   0.16338   0.16771   0.16636   0.16789   0.16575   0.16422   0.16459   0.16143   0.15696   0.16310   0.16826   0.17408   0.17217   0.15808   0.11565
6   0.10383   0.14649   0.15933   0.15198   0.15724   0.14868   0.15221   0.15073   0.15068   0.14798   0.14812   0.16194   0.15603   0.16361   0.15194   0.10551
7   0.07485   0.11807   0.12942   0.13002   0.12412   0.12402   0.12440   0.11891   0.12258   0.12384   0.12649   0.12947   0.13268   0.12951   0.11895   0.07908
8   0.04387   0.06843   0.08369   0.08327   0.07797   0.07690   0.07950   0.07769   0.07918   0.07988   0.08099   0.08304   0.08457   0.07801   0.07025   0.04685

**********************************************************************************************************************************************************************************************
