
Fig.5:  local spin-z moment and hole density distributions for 10x16, 12x16, and 16x16.
                                                

(1)  10x16 U=8, Ne=140 (hole doping 1/8), PEPS  D=20.

Horizontal stripe: 

fPEPS local Sz on each site:
(i,j)   1         2         3         4         5         6         7         8         9         10        11        12        13        14        15        16    
1   -0.15545   0.12990  -0.12007   0.09800  -0.13114   0.16273  -0.17548   0.18181  -0.17161   0.12997  -0.11354   0.13916  -0.12358   0.11912  -0.13170   0.15336
2    0.11122  -0.11045   0.08587  -0.05626   0.03778  -0.13740   0.13504  -0.13788   0.14924  -0.05344   0.01130  -0.07558   0.09908  -0.08692   0.11597  -0.10275
3   -0.04449   0.05259  -0.01259  -0.02581   0.01041  -0.03783  -0.07658   0.09397   0.01877  -0.02794   0.06519  -0.09663   0.06218   0.03227  -0.02432   0.02392
4   -0.02797   0.05541  -0.07497   0.11499  -0.13302   0.10248  -0.09683   0.11364  -0.09606   0.13338  -0.16762   0.16878  -0.15195   0.15264  -0.07263   0.03068
5    0.09923  -0.10257   0.15337  -0.16747   0.18585  -0.18327   0.18626  -0.18434   0.16895  -0.19265   0.19295  -0.19642   0.19178  -0.19764   0.08434  -0.06241
6   -0.07408   0.11491  -0.17044   0.17441  -0.17201   0.18664  -0.19087   0.15805  -0.17374   0.15590  -0.18071   0.19124  -0.19461   0.15609  -0.07605   0.00806
7    0.01979  -0.03492   0.04408  -0.09415   0.13942  -0.13834   0.12781  -0.10243  -0.03575  -0.04467   0.13969  -0.13385   0.12645  -0.07723  -0.01878   0.04830
8    0.08395  -0.06955   0.04451  -0.10072   0.05409   0.06907  -0.01849  -0.08229   0.07487  -0.09408   0.08139   0.05452  -0.02165  -0.05926   0.11321  -0.12893
9   -0.15284   0.13486  -0.14285   0.15237  -0.15765   0.13549  -0.08947   0.14069  -0.15405   0.16628  -0.16440   0.15812  -0.06969   0.12147  -0.17526   0.17238
10   0.19554  -0.17950   0.18898  -0.19426   0.18605  -0.18767   0.18304  -0.16417   0.19684  -0.18785   0.18842  -0.19471   0.17319  -0.15590   0.18475  -0.20338


fPEPS hole density  on each site:
(i,j)   1         2         3         4         5         6         7         8         9         10        11        12        13        14        15        16    
1    0.05724   0.07972   0.09146   0.08925   0.09489   0.10144   0.10777   0.11086   0.10827   0.0944    0.08915   0.08263   0.08840   0.08741   0.07740   0.05887
2    0.08161   0.11836   0.13600   0.16032   0.16099   0.14115   0.14485   0.14683   0.14345   0.16717   0.15900   0.12059   0.10900   0.13344   0.12823   0.08402
3    0.08390   0.13744   0.17153   0.18140   0.17602   0.15405   0.14622   0.13924   0.15709   0.17525   0.16123   0.12811   0.14010   0.15667   0.14573   0.10001
4    0.08532   0.13323   0.16094   0.16530   0.14984   0.14185   0.11153   0.10888   0.14048   0.14985   0.13361   0.12163   0.12614   0.13076   0.14285   0.10295
5    0.09488   0.12746   0.14612   0.13130   0.13239   0.11298   0.10557   0.10678   0.11219   0.11319   0.11337   0.11952   0.12407   0.11161   0.12351   0.10476
6    0.09860   0.13469   0.12155   0.13062   0.12035   0.11425   0.12070   0.12496   0.10263   0.10871   0.12439   0.12615   0.13556   0.14145   0.12990   0.09568
7    0.11665   0.14688   0.15319   0.12846   0.12445   0.14214   0.15028   0.15183   0.13719   0.14372   0.13170   0.14674   0.15970   0.17334   0.14946   0.09738
8    0.11833   0.16232   0.16399   0.13232   0.14028   0.15768   0.16919   0.15992   0.16777   0.14797   0.14727   0.16617   0.18266   0.17395   0.14456   0.09552
9    0.09867   0.13856   0.13339   0.13859   0.12559   0.11861   0.14481   0.15049   0.14322   0.14235   0.13952   0.12943   0.15265   0.14467   0.12341   0.08292
10   0.06538   0.08661   0.09016   0.09311   0.08536   0.08393   0.08871   0.09841   0.10066   0.10162   0.09480   0.08955   0.08567   0.08667   0.07487   0.06140

**********************************************************************************************************************************************************************************************

Vertical Stripe:

fPEPS local Sz on each site:
(i,j)   1         2         3         4         5         6         7         8         9         10        11        12        13        14        15        16    
1    0.21757  -0.18064   0.13115  -0.04957  -0.03318   0.09973  -0.16672   0.18486  -0.18410   0.15547  -0.08443   0.02029   0.05178  -0.12989   0.17918  -0.20719
2   -0.20253   0.18085  -0.11242   0.04687   0.02350  -0.10757   0.16005  -0.18682   0.18173  -0.14510   0.09981  -0.01563  -0.05969   0.11856  -0.18351   0.20409
3    0.20224  -0.17979   0.13653  -0.04307  -0.02972   0.09304  -0.15695   0.18365  -0.18551   0.16064  -0.09734   0.03501   0.03267  -0.13889   0.17889  -0.20960
4   -0.20065   0.17958  -0.12651   0.06583   0.01675  -0.09300   0.15693  -0.18865   0.19519  -0.16427   0.11930  -0.03250  -0.04754   0.11607  -0.17235   0.20601
5    0.20513  -0.18083   0.13069  -0.06132  -0.00797   0.09082  -0.16252   0.18798  -0.19293   0.17152  -0.11082   0.03132   0.04790  -0.12776   0.17857  -0.19876
6   -0.20198   0.17849  -0.13949   0.05649   0.02006  -0.09009   0.16260  -0.19175   0.19513  -0.16619   0.09960  -0.01611  -0.05288   0.12594  -0.18606   0.19597
7    0.20411  -0.17593   0.12122  -0.06102  -0.02255   0.09876  -0.15735   0.18888  -0.19232   0.15263  -0.09804   0.01335   0.05587  -0.11533   0.17511  -0.20464
8   -0.19916   0.17619  -0.12831   0.03484   0.02964  -0.10000   0.16319  -0.19053   0.19698  -0.16045   0.09099  -0.02259  -0.03693   0.13698  -0.17486   0.19924
9    0.20198  -0.18756   0.11261  -0.04280  -0.03339   0.11633  -0.17074   0.19374  -0.19304   0.16486  -0.11620   0.02430   0.05575  -0.11700   0.17830  -0.19878
10  -0.22499   0.19378  -0.13784   0.05330   0.03105  -0.10789   0.17290  -0.18954   0.19355  -0.16707   0.09960  -0.03109  -0.04963   0.13466  -0.18903   0.22267


fPEPS hole density  on each site:
(i,j)   1         2         3         4         5         6         7         8         9         10        11        12        13        14        15        16    
1    0.04497   0.08095   0.09892   0.11234   0.10993   0.11225   0.09344   0.08424   0.08568   0.10032   0.10664   0.11242   0.11247   0.10036   0.07602   0.04851
2    0.06906   0.12373   0.14702   0.14988   0.14828   0.14626   0.12584   0.11761   0.11276   0.12976   0.14457   0.14824   0.14567   0.14714   0.12019   0.06686
3    0.08281   0.12094   0.14841   0.15824   0.15693   0.15060   0.13533   0.12234   0.11803   0.13672   0.15541   0.15419   0.16208   0.15381   0.12267   0.07771
4    0.07821   0.12137   0.14904   0.15634   0.15495   0.15541   0.13461   0.12381   0.11833   0.13368   0.14845   0.15043   0.15495   0.15288   0.12563   0.08538
5    0.08471   0.12107   0.14972   0.15069   0.15343   0.15604   0.13229   0.12137   0.11297   0.13436   0.14786   0.16148   0.14993   0.14402   0.12457   0.08505
6    0.08888   0.12609   0.14790   0.15275   0.15372   0.15440   0.13297   0.11660   0.11744   0.13094   0.15765   0.15444   0.15330   0.14740   0.12478   0.08977
7    0.08732   0.12588   0.15195   0.15938   0.15254   0.14972   0.13529   0.11668   0.11647   0.13318   0.15469   0.16157   0.15583   0.14887   0.12474   0.08424
8    0.07631   0.13111   0.16132   0.15275   0.15701   0.15271   0.12985   0.11415   0.11727   0.13466   0.14853   0.15448   0.16410   0.15199   0.13158   0.07842
9    0.07328   0.11833   0.14714   0.15735   0.15220   0.14874   0.12672   0.11255   0.11909   0.12694   0.14807   0.15444   0.15001   0.14495   0.12023   0.07657
10   0.05096   0.07771   0.10251   0.11407   0.11420   0.10740   0.09239   0.08627   0.08391   0.10158   0.11487   0.11023   0.11787   0.10593   0.07977   0.04851


--------------------------------------------------------------------------------------------------------------------------------------------------------------------------------------------------------------------
--------------------------------------------------------------------------------------------------------------------------------------------------------------------------------------------------------------------
--------------------------------------------------------------------------------------------------------------------------------------------------------------------------------------------------------------------


(2)  12x16 U=8, Ne=168 (hole doping 1/8), PEPS  D=20.

Horizontal stripe: 

fPEPS local Sz on each site:
(i,j)   1         2         3         4         5         6         7         8         9         10        11        12        13        14        15        16    
1   -0.10847   0.09687  -0.09609   0.08892  -0.09179   0.08957  -0.09327   0.09870  -0.10200   0.10439  -0.10248   0.11373  -0.10339   0.10308  -0.11377   0.11442
2    0.09483  -0.09696   0.07915  -0.07185   0.08471  -0.08241   0.07871  -0.08141   0.09474  -0.09805   0.09096  -0.08749   0.08801  -0.09049   0.10165  -0.09366
3   -0.07641   0.05843  -0.06633   0.02302  -0.01612   0.07228  -0.05313   0.05682  -0.06490   0.06533  -0.07063   0.01277  -0.00917   0.08701  -0.06134   0.05973
4    0.02242  -0.03006   0.00074   0.00378  -0.03723   0.05799   0.00830  -0.01507   0.01742  -0.03162  -0.03853   0.04136  -0.02663   0.02850   0.04991   0.00778
5   -0.00069  -0.02459   0.01633  -0.06855   0.07971  -0.07728   0.08249  -0.03593   0.01056  -0.07719   0.06616  -0.08288   0.08493  -0.05990   0.09448  -0.04057
6   -0.07042   0.02454  -0.07698   0.08923  -0.10508   0.09209  -0.09109   0.10052  -0.10404   0.09579  -0.09023   0.09718  -0.10039   0.11733  -0.09096   0.10087
7    0.08653  -0.10421   0.08710  -0.09574   0.10534  -0.09996   0.09639  -0.10213   0.10421  -0.10161   0.08562  -0.10643   0.11195  -0.10013   0.10560  -0.09809
8   -0.08888   0.06360  -0.07724   0.07559  -0.07732   0.08410  -0.08371   0.08931  -0.09466   0.08128  -0.06655   0.07654  -0.07611   0.07950  -0.08853   0.09791
9    0.02845  -0.04361   0.03458   0.02276  -0.02359  -0.04344   0.03823  -0.05104   0.05174  -0.03354   0.04318   0.02220  -0.01616  -0.04548   0.05017  -0.04500
10   0.01955  -0.00752   0.07016  -0.05951   0.06142  -0.07011   0.00643  -0.00595   0.00417  -0.01325   0.06777  -0.05773   0.05439  -0.07376  -0.00460  -0.02246
11  -0.06190   0.09705  -0.08093   0.08658  -0.09557   0.09070  -0.08545   0.05174  -0.03871   0.09683  -0.07902   0.08197  -0.09301   0.09036  -0.08988   0.07068
12   0.11755  -0.09396   0.09904  -0.10526   0.10439  -0.10369   0.08736  -0.08067   0.07932  -0.09418   0.10834  -0.10334   0.10056  -0.10391   0.09761  -0.11907


fPEPS hole density  on each site:
(i,j)   1         2         3         4         5         6         7         8         9         10        11        12        13        14        15        16    
1    0.05135   0.06829   0.07333   0.07602   0.08036   0.08497   0.08627   0.08549   0.09175   0.08436   0.08071   0.07646   0.07854   0.08123   0.07463   0.05804
2    0.07446   0.11538   0.12945   0.13032   0.11607   0.12659   0.12754   0.13032   0.13041   0.13232   0.12215   0.11260   0.11677   0.12954   0.11712   0.08653
3    0.09722   0.13545   0.15630   0.15917   0.15543   0.13692   0.16655   0.15812   0.14631   0.15256   0.13779   0.16125   0.16655   0.14066   0.15586   0.10504
4    0.09835   0.15308   0.15960   0.15943   0.15734   0.15404   0.14587   0.15595   0.16169   0.14787   0.15143   0.16125   0.16464   0.15656   0.14431   0.12850
5    0.09939   0.15222   0.15048   0.15291   0.12450   0.13336   0.12311   0.13666   0.14014   0.13423   0.14066   0.13275   0.13962   0.14205   0.10660   0.11816
6    0.10087   0.12328   0.14457   0.12372   0.12294   0.10304   0.11790   0.10339   0.10921   0.11390   0.11251   0.11998   0.11546   0.10851   0.11764   0.08202
7    0.10356   0.12137   0.11651   0.12163   0.10851   0.10799   0.11182   0.11460   0.11651   0.11390   0.10921   0.10408   0.10278   0.11216   0.11738   0.08584
8    0.10321   0.11798   0.14248   0.10964   0.10704   0.13484   0.13684   0.12893   0.13180   0.13614   0.13275   0.10999   0.10686   0.14092   0.12024   0.10460
9    0.12450   0.15465   0.13727   0.13571   0.13458   0.14700   0.16316   0.16377   0.16290   0.16038   0.15500   0.13910   0.13623   0.14136   0.15769   0.13936
10   0.12215   0.17871   0.13440   0.15169   0.14857   0.14422   0.17654   0.18045   0.17932   0.16794   0.14457   0.17402   0.15065   0.13675   0.18436   0.13110
11   0.10573   0.12858   0.13649   0.13319   0.12024   0.13553   0.13284   0.15526   0.16273   0.13545   0.15022   0.13371   0.13962   0.14422   0.12398   0.10730
12   0.05143   0.08506   0.09244   0.09844   0.10156   0.09096   0.09774   0.09861   0.08705   0.10217   0.09557   0.10087   0.10035   0.10374   0.09392   0.05847

**********************************************************************************************************************************************************************************************

Vertical Stripe:

fPEPS local Sz on each site:
(i,j)   1         2         3         4         5         6         7         8         9         10        11        12        13        14        15        16    
1    0.20048  -0.16877   0.10917  -0.01725  -0.05873   0.10977  -0.15513   0.18858  -0.19183   0.14891  -0.07394  -0.00573   0.08036  -0.15083   0.19505  -0.22798
2   -0.19387   0.16403  -0.09036   0.01573   0.04748  -0.12368   0.16898  -0.19783   0.19114  -0.15804   0.09288  -0.00156  -0.06894   0.15295  -0.19505   0.20643
3    0.19292  -0.16616   0.12915  -0.03992  -0.02845   0.09765  -0.16268   0.19500  -0.18097   0.16377  -0.09944   0.02754   0.05009  -0.14579   0.17672  -0.21546
4   -0.19909   0.17420  -0.14348   0.09826  -0.00956  -0.07433   0.13371  -0.18831   0.19500  -0.16577   0.13045  -0.04909  -0.02845   0.10083  -0.17294   0.20565
5    0.20269  -0.18284   0.14774  -0.08280   0.02602   0.05947  -0.14305   0.19644  -0.20552   0.17394  -0.12515   0.06985   0.00982  -0.10122   0.16577  -0.21025
6   -0.19618   0.17311  -0.14587   0.06916   0.00904  -0.09209   0.15378  -0.18844   0.19196  -0.17911   0.11946  -0.04301  -0.04066   0.11633  -0.17020   0.21251
7    0.19422  -0.16633   0.11733  -0.02789  -0.04692   0.12220  -0.16616   0.19453  -0.19096   0.15812  -0.09687   0.01264   0.07103  -0.15248   0.18931  -0.20117
8   -0.20139   0.16690  -0.09813   0.00308   0.06299  -0.12302   0.17741  -0.19926   0.19587  -0.15469   0.06777   0.00743  -0.07368   0.15960  -0.18905   0.20195
9    0.20010  -0.16490   0.09453  -0.02732  -0.05582   0.12641  -0.16985   0.18831  -0.18762   0.14322  -0.07772   0.00630   0.09414  -0.14505   0.18936  -0.20452
10  -0.18858   0.16659  -0.13319   0.02932   0.03497  -0.10126   0.16077  -0.19109   0.19705  -0.15904   0.08132  -0.01964  -0.03936   0.13792  -0.18619   0.19861
11   0.20308  -0.18275   0.12706  -0.06425  -0.00917   0.09831  -0.15117   0.19057  -0.19722   0.17168  -0.12068   0.04344   0.03032  -0.10213   0.17789  -0.19909
12  -0.22024   0.18697  -0.14157   0.07984   0.00243  -0.06625   0.14930  -0.19631   0.19535  -0.17524   0.11555  -0.05521  -0.01872   0.09270  -0.16777   0.20699


fPEPS hole density  on each site:
(i,j)   1         2         3         4         5         6         7         8         9         10        11        12        13        14        15        16    
1    0.04257   0.07952   0.11349   0.12283   0.12012   0.10807   0.09075   0.08331   0.07640   0.09995   0.11971   0.11883   0.12249   0.10997   0.07045   0.05096
2    0.07261   0.12161   0.13832   0.15829   0.16275   0.14089   0.11883   0.10178   0.10618   0.12689   0.15416   0.16614   0.15930   0.13717   0.11383   0.06091
3    0.08371   0.12465   0.14990   0.15944   0.16072   0.14644   0.12736   0.11119   0.10361   0.13122   0.15531   0.16505   0.15849   0.14854   0.11606   0.07160
4    0.07891   0.11281   0.14732   0.16377   0.16099   0.15301   0.13447   0.10219   0.10537   0.11924   0.14929   0.16032   0.17013   0.15551   0.11579   0.07383
5    0.08040   0.11430   0.13988   0.15592   0.16539   0.15301   0.12980   0.10760   0.10598   0.11586   0.14259   0.15815   0.16208   0.15267   0.12059   0.07241
6    0.07573   0.10983   0.14306   0.16167   0.16729   0.15565   0.13507   0.10320   0.10239   0.12344   0.14766   0.15253   0.16431   0.14976   0.11180   0.07248
7    0.07194   0.11721   0.14198   0.16208   0.16620   0.14753   0.12574   0.10753   0.10449   0.13528   0.15064   0.16052   0.15950   0.14360   0.11274   0.07769
8    0.07505   0.11112   0.15260   0.16505   0.16106   0.14868   0.12547   0.10483   0.10252   0.13616   0.16647   0.16620   0.16309   0.13751   0.10949   0.08012
9    0.07633   0.12053   0.15145   0.16302   0.16181   0.14854   0.11985   0.10618   0.11180   0.13785   0.15998   0.17182   0.16255   0.14462   0.11579   0.07444
10   0.07302   0.10956   0.15152   0.16478   0.16438   0.15206   0.13000   0.10733   0.11119   0.13189   0.15937   0.16938   0.15950   0.14800   0.11132   0.07315
11   0.06524   0.10773   0.13426   0.16038   0.16654   0.15856   0.13352   0.10977   0.10977   0.12344   0.14611   0.16208   0.15646   0.14604   0.12222   0.06598
12   0.05089   0.07985   0.10591   0.12059   0.12641   0.11728   0.10726   0.08581   0.08398   0.09352   0.11085   0.11701   0.12452   0.11031   0.07952   0.04737



--------------------------------------------------------------------------------------------------------------------------------------------------------------------------------------------------------------------
--------------------------------------------------------------------------------------------------------------------------------------------------------------------------------------------------------------------
--------------------------------------------------------------------------------------------------------------------------------------------------------------------------------------------------------------------


(3)  16x16 U=8, Ne=224 (hole doping 1/8), PEPS  D=20.

Horizontal stripe: 

fPEPS local Sz on each site:
(i,j)   1         2         3         4         5         6         7         8         9         10        11        12        13        14        15        16    
1   -0.16129   0.15641  -0.17387   0.17600  -0.17266   0.18494  -0.17205   0.18352  -0.18169   0.17743  -0.17722   0.15530  -0.16271   0.17651  -0.16768   0.17793
2    0.13226  -0.15053   0.15195  -0.13611   0.15093  -0.14160   0.15256  -0.15296   0.15469  -0.15834   0.14698  -0.14951   0.14555  -0.14647   0.14495  -0.15347
3   -0.09166   0.08009  -0.12312   0.10637  -0.10221   0.09298  -0.09044   0.10160  -0.11013   0.11866  -0.10566   0.09907  -0.09582   0.11297  -0.09237   0.08851
4    0.01959  -0.02761   0.03654  -0.05319   0.02670  -0.01634   0.02456  -0.02923   0.03654  -0.04263   0.04182  -0.04568   0.02375  -0.03553   0.04141  -0.03806
5    0.04162  -0.04212   0.02913  -0.02883   0.02507  -0.03786   0.03989  -0.03756   0.03177  -0.03471   0.02253  -0.02974   0.05024  -0.03096   0.02030  -0.02578
6   -0.10252   0.10708  -0.10008   0.09775  -0.10292   0.10759  -0.10434   0.10292  -0.10292   0.09419  -0.09115   0.10516  -0.10191   0.09988  -0.09409   0.08881
7    0.16058  -0.14890   0.14698  -0.15175   0.13591  -0.13875   0.15398  -0.15032   0.16393  -0.14616   0.15256  -0.15418   0.15164  -0.14870   0.14961  -0.14728
8   -0.17438   0.17915  -0.17986   0.18616  -0.16991   0.16768  -0.17296   0.16545  -0.18047   0.16555  -0.16626   0.16423  -0.16423   0.16890  -0.16728   0.15347
9    0.16251  -0.16931   0.15966  -0.16971   0.16525  -0.15905   0.17377  -0.17864   0.17002  -0.16758   0.17083  -0.16494   0.16575  -0.16809   0.17803  -0.15885
10  -0.14149   0.16555  -0.14799   0.15195  -0.14241   0.15043  -0.15702   0.16007  -0.16829   0.15743  -0.14535   0.15195  -0.13916   0.15560  -0.14474   0.14332
11   0.09714  -0.11449   0.10780  -0.09866   0.10455  -0.09754   0.11602  -0.11571   0.10708  -0.11378   0.09196  -0.11186   0.10648  -0.09704   0.10952  -0.07958
12  -0.04425   0.04080  -0.04060   0.05187  -0.04121   0.03867  -0.04486   0.05867  -0.04101   0.03248  -0.03015   0.03624  -0.04172   0.03197  -0.04141   0.04060
13  -0.04192   0.02639  -0.02984   0.03441  -0.02558   0.02395  -0.02913   0.01756  -0.01979   0.02020  -0.03502   0.02243  -0.05309   0.01624  -0.04182   0.03827
14   0.09866  -0.08354   0.08648  -0.07887   0.10231  -0.09825   0.10465  -0.08790   0.11845  -0.10018   0.10384  -0.09795   0.09795  -0.10150   0.08252  -0.10363
15  -0.14728   0.14545  -0.13297   0.13408  -0.14911   0.14505  -0.15844   0.14017  -0.14576   0.14901  -0.14210   0.14758  -0.12901   0.14190  -0.13276   0.14911
16   0.16606  -0.15499   0.15987  -0.16301   0.16484  -0.17611   0.16179  -0.17134   0.16575  -0.16108   0.16413  -0.16169   0.15581  -0.15327   0.15773  -0.17519


fPEPS hole density  on each site:
(i,j)   1         2         3         4         5         6         7         8         9         10        11        12        13        14        15        16    
1    0.04725   0.07103   0.08176   0.08039   0.08523   0.07983   0.08350   0.07616   0.07645   0.07870   0.08153   0.07870   0.07901   0.08079   0.06669   0.04773
2    0.08152   0.12064   0.12853   0.12426   0.12263   0.12719   0.11780   0.11462   0.12072   0.12051   0.12077   0.11934   0.12435   0.12796   0.12181   0.07990
3    0.10555   0.14777   0.15365   0.15076   0.15030   0.15347   0.15827   0.14917   0.14842   0.14622   0.14701   0.15126   0.15380   0.15778   0.14748   0.10321
4    0.11470   0.16107   0.16479   0.17299   0.15612   0.16123   0.16563   0.16726   0.16147   0.16401   0.16287   0.16373   0.16314   0.16147   0.15796   0.11648
5    0.10860   0.15281   0.15920   0.16025   0.15970   0.15349   0.15897   0.15734   0.15736   0.15539   0.15345   0.15628   0.16573   0.15944   0.15398   0.11232
6    0.09943   0.13491   0.14237   0.14965   0.14252   0.13994   0.13667   0.13579   0.14257   0.14114   0.14437   0.13928   0.14361   0.14321   0.14085   0.10475
7    0.08880   0.11459   0.12243   0.12462   0.12149   0.11243   0.10851   0.11751   0.11130   0.11938   0.11773   0.12334   0.11627   0.11941   0.11421   0.08893
8    0.07483   0.10271   0.10691   0.10290   0.10337   0.10263   0.09487   0.10018   0.09609   0.09743   0.10184   0.10579   0.10528   0.10549   0.10429   0.08127
9    0.07548   0.10714   0.10576   0.10101   0.10228   0.10524   0.09927   0.09607   0.09540   0.09687   0.10061   0.09987   0.10350   0.10079   0.10309   0.07994
10   0.08824   0.10437   0.12487   0.11223   0.11410   0.11514   0.11535   0.10892   0.11229   0.11651   0.10984   0.11163   0.11825   0.12052   0.11807   0.08572
11   0.10024   0.13269   0.14342   0.14319   0.13644   0.13748   0.13468   0.13991   0.13812   0.13591   0.13885   0.13859   0.13910   0.14668   0.13304   0.09868
12   0.11547   0.15269   0.15753   0.15803   0.15430   0.15421   0.15635   0.15618   0.15952   0.15318   0.15399   0.16124   0.15587   0.16272   0.15728   0.10915
13   0.11726   0.16023   0.16643   0.16470   0.17117   0.16542   0.16810   0.16450   0.16713   0.16846   0.17316   0.16358   0.16461   0.16533   0.15911   0.12128
14   0.11001   0.15495   0.16191   0.15142   0.15563   0.15685   0.15547   0.15924   0.15697   0.16008   0.15558   0.15015   0.15636   0.16139   0.15117   0.10803
15   0.08076   0.12463   0.13121   0.12903   0.13197   0.12328   0.12678   0.12342   0.12994   0.12688   0.12368   0.13412   0.13228   0.13053   0.12430   0.08594
16   0.05207   0.07554   0.08399   0.08579   0.08144   0.08196   0.07987   0.08422   0.08552   0.08225   0.08070   0.08630   0.08315   0.08268   0.07292   0.05549

**********************************************************************************************************************************************************************************************

Vertical Stripe:

fPEPS local Sz on each site:
(i,j)   1         2         3         4         5         6         7         8         9         10        11        12        13        14        15        16    
1    0.20962  -0.15431   0.13199  -0.05219  -0.02344   0.11644  -0.13526   0.18412  -0.19061   0.19216  -0.13131   0.08475   0.01007  -0.08895   0.14358  -0.21169
2   -0.20768   0.16811  -0.10756   0.04977   0.00294  -0.09507   0.13793  -0.19204   0.20168  -0.17545   0.12008  -0.04623  -0.03107   0.08121  -0.16302   0.18747
3    0.21444  -0.17572   0.11797  -0.03649  -0.02865   0.10223  -0.14703   0.18006  -0.20762   0.14949  -0.08562   0.02859   0.05180  -0.12064   0.17280  -0.20371
4   -0.21248   0.16058  -0.10520   0.06278   0.02362  -0.11567   0.16349  -0.19469   0.19566  -0.13965   0.07695   0.00705  -0.07573   0.13172  -0.18062   0.22818
5    0.18637  -0.17849   0.14639  -0.02170  -0.05837   0.11038  -0.18279   0.19266  -0.19039   0.15210  -0.08711  -0.02679   0.09197  -0.14858   0.18321  -0.22791
6   -0.17729   0.17206  -0.11509   0.03063   0.05049  -0.12177   0.17766  -0.19692   0.18912  -0.16712   0.10074  -0.01154  -0.06524   0.14204  -0.19378   0.23060
7    0.18445  -0.16414   0.12649  -0.04389  -0.02888   0.10587  -0.13845   0.19949  -0.20478   0.18888  -0.14813   0.06586   0.01764  -0.12275   0.17988  -0.20226
8   -0.22288   0.18416  -0.13586   0.07780  -0.00722  -0.09712   0.15675  -0.19734   0.19415  -0.19185   0.15108  -0.09635   0.02236   0.07891  -0.16761   0.19969
9    0.21301  -0.18511   0.14070  -0.04987  -0.00805   0.07647  -0.16064   0.20846  -0.20617   0.18962  -0.13234   0.06721   0.02066  -0.09846   0.15630  -0.22319
10  -0.21208   0.18418  -0.12506   0.06565   0.02331  -0.09230   0.17440  -0.21022   0.19661  -0.18085   0.10620  -0.03343  -0.05701   0.11621  -0.17769   0.22365
11   0.20902  -0.16525   0.11797  -0.04844  -0.05190   0.13814  -0.18000   0.20737  -0.20207   0.17380  -0.08624   0.01591   0.07827  -0.16023   0.19568  -0.22085
12  -0.19498   0.15255  -0.10659   0.01388   0.06135  -0.12223   0.16951  -0.18718   0.19376  -0.16412   0.08137   0.00410  -0.06985   0.15059  -0.18937   0.22263
13   0.19386  -0.17433   0.11199  -0.03738  -0.05252   0.11269  -0.16786   0.18470  -0.19605   0.16101  -0.10409   0.01378   0.07368  -0.14846   0.18974  -0.21446
14  -0.22284   0.18540  -0.14856   0.03543   0.03415  -0.09747   0.15106  -0.18048   0.18474  -0.14616   0.09093  -0.05004  -0.01936   0.11435  -0.18112   0.21171
15   0.20633  -0.18426   0.14196  -0.08802   0.01423   0.08719  -0.13627   0.18153  -0.18728   0.17340  -0.11515   0.02674   0.04795  -0.10324   0.17179  -0.20429
16  -0.23114   0.20532  -0.15243   0.08375  -0.00463  -0.05140   0.11627  -0.17994   0.20743  -0.16602   0.11844  -0.04114  -0.03957   0.11044  -0.17262   0.20633


fPEPS hole density  on each site:
(i,j)   1         2         3         4         5         6         7         8         9         10        11        12        13        14        15        16    
1    0.04365   0.07528   0.09824   0.10960   0.10994   0.10425   0.09030   0.07976   0.07564   0.08249   0.09787   0.10574   0.10735   0.09972   0.07880   0.04565
2    0.07083   0.11251   0.13369   0.14823   0.14628   0.14513   0.13145   0.11458   0.10573   0.11982   0.13139   0.14541   0.14793   0.15180   0.12345   0.07011
3    0.06806   0.11557   0.13757   0.15746   0.15500   0.14476   0.13430   0.10802   0.11175   0.12905   0.14665   0.15674   0.15214   0.14313   0.11741   0.08740
4    0.08499   0.12267   0.14545   0.15482   0.16186   0.14167   0.12742   0.11528   0.11981   0.14414   0.15251   0.15304   0.15659   0.14510   0.12930   0.08027
5    0.08222   0.11956   0.14651   0.15008   0.14697   0.14742   0.12393   0.10622   0.11188   0.13292   0.15609   0.15337   0.15153   0.14215   0.12132   0.08375
6    0.07657   0.12723   0.14756   0.15445   0.15583   0.13236   0.12020   0.10678   0.10656   0.12756   0.14601   0.14890   0.14904   0.13670   0.12474   0.08312
7    0.08530   0.12215   0.14571   0.15540   0.14938   0.15311   0.12029   0.11151   0.10627   0.12252   0.13680   0.15298   0.15997   0.14951   0.12338   0.08211
8    0.07903   0.11242   0.13775   0.14874   0.15071   0.14557   0.12638   0.11837   0.10533   0.11195   0.13257   0.15058   0.15324   0.16203   0.12592   0.07626
9    0.07861   0.12178   0.13724   0.16031   0.15120   0.15023   0.12957   0.10633   0.11132   0.12183   0.14086   0.14677   0.15564   0.15328   0.12413   0.07898
10   0.07827   0.11607   0.13819   0.15419   0.14818   0.14949   0.12347   0.10713   0.11263   0.12970   0.14679   0.15536   0.15610   0.14556   0.12249   0.09054
11   0.07604   0.12307   0.14945   0.14969   0.15037   0.14612   0.12330   0.10546   0.11062   0.12526   0.15147   0.15979   0.15072   0.13833   0.11812   0.08006
12   0.07487   0.12500   0.14884   0.15339   0.15530   0.14533   0.13969   0.10907   0.12024   0.13601   0.15395   0.15848   0.15458   0.13605   0.12273   0.07617
13   0.08076   0.12246   0.15674   0.16004   0.15426   0.14404   0.12268   0.11807   0.12066   0.14390   0.15068   0.16093   0.16098   0.14967   0.12125   0.08072
14   0.07470   0.12215   0.14849   0.16194   0.16175   0.14913   0.14043   0.11716   0.11803   0.12824   0.15520   0.16188   0.16194   0.15280   0.11678   0.08018
15   0.06538   0.11158   0.13639   0.14176   0.15395   0.15446   0.13846   0.11659   0.11879   0.12245   0.14009   0.14884   0.14858   0.14034   0.12189   0.06773
16   0.05285   0.07697   0.09774   0.11378   0.10776   0.11388   0.10326   0.08942   0.09492   0.10014   0.10799   0.11154   0.11585   0.10436   0.08640   0.05207



**********************************************************************************************************************************************************************************************
